game,score,record,mean_score,total_reward,loss
1,1580,1580,1580.00,510.00,1.3084
2,270,1580,925.00,-120.00,1.9962
3,290,1580,713.33,-730.00,2.0281
4,1360,1580,875.00,-270.00,1.9244
5,2170,2170,1134.00,1000.00,1.8947
6,460,2170,1021.67,560.00,2.4826
7,1670,2170,1114.29,1330.00,1.8890
8,330,2170,1016.25,760.00,2.1419
9,1130,2170,1028.89,990.00,2.1107
10,1770,2170,1103.00,1860.00,2.4364
11,390,2170,1038.18,1350.00,2.7803
12,260,2170,973.33,710.00,2.2249
13,270,2170,919.23,80.00,2.2816
14,1450,2170,957.14,630.00,2.3138
15,320,2170,914.67,50.00,2.4601
16,310,2170,876.88,-540.00,2.3532
17,2420,2420,967.65,980.00,2.1423
18,230,2420,926.67,310.00,2.6052
19,420,2420,900.00,-170.00,2.3528
20,1070,2420,908.50,0.00,2.5091
21,370,2420,882.86,-530.00,2.4516
22,1500,2420,910.91,70.00,2.0631
23,2060,2420,960.87,1230.00,2.4189
24,1330,2420,976.25,1660.00,1.9063
25,1220,2420,986.00,1980.00,2.0487
26,1650,2420,1011.54,2730.00,2.4668
27,1160,2420,1017.04,2990.00,2.1677
28,1130,2420,1021.07,3220.00,2.0162
29,320,2420,996.90,2640.00,2.0712
30,350,2420,975.33,2090.00,2.2613
31,1990,2420,1008.06,3180.00,2.3758
32,1330,2420,1018.12,3610.00,2.6073
33,1510,2420,1033.03,4220.00,2.1470
34,480,2420,1016.76,3800.00,2.0265
35,1390,2420,1027.43,4290.00,1.8934
36,340,2420,1008.33,3730.00,2.4424
37,1550,2420,1022.97,4380.00,2.4030
38,1150,2420,1026.32,4630.00,2.2295
39,380,2420,1009.74,4110.00,1.6977
40,1790,2420,1029.25,5000.00,2.0635
41,1930,2420,1051.22,6030.00,2.1442
42,1260,2420,1056.19,6390.00,2.1491
43,210,2420,1036.51,5700.00,2.2195
44,900,2420,1033.41,5700.00,2.2353
45,1750,2420,1049.33,6550.00,1.9997
46,2030,2420,1070.65,7680.00,2.4890
47,330,2420,1054.89,7110.00,2.4607
48,580,2420,1045.00,6790.00,2.0199
49,250,2420,1028.78,6140.00,2.0539
50,360,2420,1015.40,5600.00,1.8180
51,730,2420,1009.80,5430.00,1.9368
52,250,2420,995.19,4780.00,2.2630
53,1630,2420,1007.17,5510.00,2.8088
54,920,2420,1005.56,5530.00,1.9213
55,420,2420,994.91,5050.00,2.5375
56,360,2420,983.57,4510.00,2.0953
57,310,2420,971.75,3920.00,1.7827
58,3420,3420,1013.97,6440.00,2.0598
59,160,3420,999.49,5700.00,2.2590
60,210,3420,986.33,5010.00,1.8330
61,1540,3420,995.41,5650.00,2.3012
62,2300,3420,1016.45,7050.00,1.9614
63,360,3420,1006.03,6510.00,1.9685
64,1240,3420,1009.69,6850.00,2.3927
65,2080,3420,1026.15,8030.00,2.4431
66,400,3420,1016.67,7530.00,2.3654
67,220,3420,1004.78,6850.00,2.7066
68,380,3420,995.59,6330.00,2.4218
69,1690,3420,1005.65,7120.00,2.6908
70,380,3420,996.71,6600.00,2.0257
71,510,3420,989.86,6210.00,2.1434
72,270,3420,979.86,5580.00,1.6675
73,330,3420,970.96,5010.00,2.0762
74,1720,3420,981.08,5830.00,2.5033
75,100,3420,969.33,5030.00,1.7402
76,3190,3420,998.55,7320.00,1.5213
77,810,3420,996.10,7230.00,2.1854
78,770,3420,993.21,7100.00,2.3283
79,340,3420,984.94,6540.00,2.0373
80,1250,3420,988.25,6890.00,2.2528
81,260,3420,979.26,6250.00,2.8045
82,1220,3420,982.20,6570.00,2.1386
83,2080,3420,995.42,7750.00,2.3343
84,320,3420,987.38,7170.00,2.0725
85,2280,3420,1002.59,8550.00,1.6931
86,2480,3420,1019.77,10130.00,1.8861
87,1490,3420,1025.17,10720.00,1.8430
88,1240,3420,1027.61,11060.00,2.0230
89,1950,3420,1037.98,12110.00,2.0443
90,1520,3420,1043.33,12730.00,2.1338
91,240,3420,1034.51,12070.00,2.3627
92,220,3420,1025.65,11390.00,2.0102
93,320,3420,1018.06,10810.00,2.5757
94,510,3420,1012.66,10420.00,2.0841
95,250,3420,1004.63,9770.00,2.1698
96,2410,3420,1019.27,11280.00,2.2430
97,310,3420,1011.96,10690.00,2.1925
98,330,3420,1005.00,10120.00,1.7842
99,320,3420,998.08,9540.00,2.0313
100,310,3420,991.20,8950.00,2.2130
101,360,3420,984.95,8410.00,2.3517
102,400,3420,979.22,7910.00,2.2407
103,490,3420,974.47,7500.00,2.1016
104,320,3420,968.17,6920.00,2.5305
105,290,3420,961.71,6310.00,2.5528
106,370,3420,956.13,5780.00,1.7986
107,2770,3420,973.08,7650.00,1.9800
108,350,3420,967.31,7100.00,2.0473
109,930,3420,966.97,7130.00,2.1531
110,350,3420,961.36,6580.00,2.3045
111,1990,3420,970.63,7670.00,1.8840
112,280,3420,964.46,7050.00,2.2744
113,340,3420,958.94,6490.00,2.3103
114,400,3420,954.04,5990.00,2.4040
115,230,3420,947.74,5320.00,2.0872
116,2010,3420,956.90,6430.00,2.5144
117,320,3420,951.45,5850.00,2.6703
118,360,3420,946.44,5310.00,2.0829
119,1370,3420,950.00,5780.00,1.6026
120,1300,3420,952.92,6180.00,2.0704
121,480,3420,949.01,5760.00,2.1454
122,480,3420,945.16,5340.00,2.5066
123,250,3420,939.51,4690.00,1.9470
124,300,3420,934.35,4090.00,2.2274
125,1430,3420,938.32,4620.00,2.0012
126,420,3420,934.21,4140.00,1.8783
127,1640,3420,939.76,4880.00,2.5141
128,1510,3420,944.22,5490.00,2.0125
129,340,3420,939.53,4930.00,2.2770
